3	3
3	2512
3	195
3	2518
3	4150
7	981
7	855
9	714
13	1039
13	1461
13	716
14	611
14	17
14	71
14	2194
14	610
14	6468
14	1152
14	1148
15	714
17	999
17	71
17	997
17	202
17	1414
17	6745
18	18
18	592
18	2353
18	675
18	665
18	865
18	1557
18	5407
18	2434
18	1825
25	1129
25	1130
25	4818
30	974
30	310
33	33
33	2453
33	1517
33	4255
33	7971
44	590
44	7
44	701
44	2418
44	774
44	152
44	1658
44	2347
44	107
44	740
44	1152
44	5881
44	1596
44	979
44	1300
44	5783
44	1302
44	2257
44	24196
48	1038
48	5304
55	611
55	14
55	837
55	725
55	2384
60	9
60	2354
60	64
60	861
64	1291
71	611
71	55
72	506
72	72
72	64
72	5944
75	192
75	2397
77	46
77	534
77	77
77	310
81	2315
81	2244
81	1533
81	2245
81	1399
81	2326
81	1459
81	2357
81	2358
86	911
86	2500
86	4279
86	6406
86	6405
99	9
99	861
99	2224
99	1447
99	2463
102	1039
107	593
107	2334
107	774
107	740
107	1152
110	110
125	2251
130	17
130	135
130	1570
135	17
135	999
135	825
135	236
135	936
152	591
152	593
152	2334
152	774
152	107
152	1659
152	1152
152	183
157	1038
157	5817
157	2949
157	1372
157	842
157	2973
157	969
183	591
183	593
183	7
183	44
183	107
183	771
183	2203
183	933
183	925
183	524
191	2235
195	195
195	24214
197	310
202	191
202	1414
202	6745
213	536
213	4920
220	655
220	1110
223	4434
223	5507
225	77
225	310
227	850
230	191
230	964
233	2392
233	233
236	17
262	2546
262	6362
262	282
282	2199
290	1236
290	183
310	2250
310	46
310	808
310	670
310	534
310	2992
310	688
310	718
310	973
310	860
310	5121
310	2201
310	974
310	6510
310	4347
310	310
310	2361
310	213
310	2845
310	6373
310	4115
310	963
310	48626
311	46
311	973
311	197
314	954
314	1145
330	2275
330	4571
330	2303
331	2334
337	7214
343	839
352	970
352	1130
352	939
361	361
365	365
368	2262
368	1702
411	2262
411	548
411	2368
411	411
411	1374
411	60
411	512
411	2322
411	1447
411	2451
411	764
411	775
411	1557
411	6468
411	6617
411	5634
411	6295
415	1772
415	4776
416	418
416	1555
416	2364
416	417
416	2361
416	4920
416	1364
417	418
417	419
417	18
417	2675
417	2771
417	4292
417	4083
418	512
418	2363
418	2361
418	4920
418	2362
419	416
419	418
419	1380
419	2986
419	6557
419	5881
419	6510
419	4083
419	4920
506	64
507	506
507	2209
507	72
507	696
507	507
509	195
512	2254
512	512
512	1360
512	417
512	700
512	507
518	675
524	44
525	310
534	718
534	770
534	2276
534	2222
536	5753
536	2888
536	2307
536	833
536	4944
536	837
536	5759
536	2308
536	1529
536	1703
536	1193
536	702
536	4294
536	5817
536	5610
536	2377
536	1604
536	4365
536	2304
536	1363
536	2676
536	2222
536	2552
536	5013
536	5019
536	5760
548	548
548	2510
549	550
549	548
550	2019
550	550
550	548
550	719
551	48
551	2947
557	2376
557	2349
580	2505
580	310
589	1657
589	352
589	658
589	1127
589	1129
589	1130
590	1202
590	2522
590	5947
590	2574
590	183
591	591
591	1625
591	44
591	774
591	107
591	740
591	2574
591	290
592	592
592	48
592	865
592	1557
592	5033
592	6454
592	1640
593	593
593	44
593	915
593	1433
593	2574
593	981
593	5727
594	2333
594	593
594	594
594	1236
594	1953
596	596
596	4390
596	1517
596	5116
597	681
597	2485
597	5290
598	1039
598	1267
598	2270
598	2391
610	611
611	2299
611	837
611	2334
611	2194
611	2195
611	825
611	1548
611	1147
611	1701
611	937
611	944
611	6778
611	2814
611	2298
611	1148
611	2468
612	17
612	71
612	610
612	202
612	6274
612	6465
620	1128
647	310
656	903
658	1262
658	1380
658	4969
658	2410
658	1549
662	536
662	1601
662	2403
662	770
663	5507
663	3003
667	861
667	893
667	2277
669	745
669	709
673	673
673	1779
673	4333
673	5596
675	2254
675	411
675	2392
676	2459
676	2454
676	2455
676	2460
676	739
680	86
681	3846
681	1274
688	2228
688	2410
688	2226
688	2683
688	712
694	411
694	2451
695	376
695	534
695	1850
695	1340
695	1336
695	2026
695	2220
695	1987
695	2756
695	963
696	5748
696	700
696	2958
697	418
697	2484
697	2199
697	6290
697	1896
697	2911
698	1777
698	5134
698	746
698	6488
698	4539
698	4405
700	1558
700	700
701	593
701	7
701	2348
701	1152
702	2445
702	2446
702	821
709	2822
709	866
709	2074
710	418
710	7
710	183
710	2958
710	955
712	411
712	2270
712	1212
712	2762
712	2143
712	310
714	861
714	858
714	5538
714	2271
714	1291
714	1292
715	1290
715	2427
715	794
715	843
715	1417
715	6683
715	903
715	1634
715	227
715	1418
715	1289
715	1633
715	1647
716	911
717	1702
718	963
719	549
719	551
719	2517
725	837
725	701
725	152
727	1364
728	33
728	2353
728	81
728	2217
728	859
728	2245
728	4434
728	7670
728	5821
728	2452
728	5037
728	1670
728	4298
728	1117
731	2425
731	2415
731	5783
731	5634
740	7
740	774
740	771
740	839
740	979
740	183
740	2257
744	6842
745	2388
745	709
746	1868
747	59297
747	911
747	2509
747	1484
747	2244
747	1533
747	760
747	1399
747	5821
747	728
747	2358
747	33404
755	1208
758	1001
758	991
759	850
759	2427
759	6683
759	715
759	903
759	1419
761	536
761	1003
764	764
764	775
770	77
770	2934
770	2943
770	1601
770	2955
770	2954
770	1533
770	695
770	2937
770	2936
770	770
770	2939
770	1987
770	2746
770	2006
770	310
770	1009
770	2957
770	2932
770	2889
770	8946
770	1510
771	805
771	981
771	710
771	855
774	793
774	771
774	805
774	290
774	933
774	981
774	183
774	5927
774	925
774	2958
774	955
775	775
775	694
777	18
777	592
783	886
783	845
785	2492
785	1735
785	3801
785	2121
785	2022
789	1302
792	110
793	770
794	883
794	1417
794	1330
794	903
794	2570
794	1419
794	2587
794	1418
794	4920
796	352
796	1128
796	970
796	1127
799	135
799	2322
799	5037
799	2970
803	1601
803	770
804	1490
804	4920
805	2095
805	183
805	2871
806	903
808	808
808	5576
808	2767
809	1145
809	310
811	418
811	417
811	8842
812	5507
814	97
815	293
816	2399
817	46
817	2354
817	4476
817	880
817	755
818	1481
818	893
821	868
824	1144
825	14
825	837
827	597
830	830
830	2233
831	5627
831	5640
834	5912
837	14
837	71
837	2194
837	2195
837	610
837	130
837	2119
837	937
837	936
837	1152
837	2384
838	747
839	591
839	2256
839	7
839	1202
839	774
839	981
839	183
839	1302
839	6818
839	855
839	2257
840	18
840	2574
840	4397
840	840
840	1298
841	903
842	842
842	903
842	969
842	1288
843	848
844	1654
844	871
845	892
846	2821
846	913
847	2270
847	1448
848	850
848	794
848	1417
848	715
848	1330
848	903
848	2587
848	1418
848	1288
850	2824
850	2607
850	850
850	4407
850	843
850	715
850	5355
850	663
850	220
850	5266
850	1289
850	1647
850	5216
851	2514
851	801
853	673
853	1779
853	1656
853	853
853	2276
853	2260
854	1143
854	2341
854	2342
855	851
855	655
855	1202
855	1620
855	740
855	1920
855	5951
855	2480
856	2628
858	9
858	60
858	954
858	667
858	688
858	858
858	1145
859	747
859	2245
859	5821
859	1459
859	709
860	2221
860	2222
860	963
861	2262
861	15
861	861
861	1558
861	858
861	880
861	2337
862	1181
862	2228
862	688
862	2226
862	1208
862	974
862	712
862	2277
866	669
866	1484
866	859
866	745
868	2274
868	2244
868	826
868	868
868	2462
868	938
871	536
871	1336
871	2470
880	99
880	1221
880	880
880	974
880	310
880	832
881	1039
883	656
883	1243
883	848
883	1330
883	903
883	1419
883	1418
883	1563
889	6251
889	802
890	77
890	310
890	197
892	914
893	2990
896	183
901	854
901	2205
903	850
903	2427
903	803
903	807
903	776
903	5355
903	976
903	1419
903	965
903	1418
903	995
903	5216
903	930
910	930
911	13
911	911
911	44
911	1078
911	701
911	1459
911	1589
911	979
913	669
913	1484
913	81
913	2314
913	2389
914	845
914	918
915	5093
916	2292
916	1236
916	8529
917	2639
917	5318
917	1359
917	5347
918	845
918	892
921	1811
923	1039
923	2945
925	591
925	740
925	839
925	981
931	903
931	6838
931	1500
931	2355
933	44
933	771
933	5805
933	955
934	17
934	202
939	25
939	589
939	110
939	796
939	1127
939	1129
941	4274
943	1656
944	2275
944	1489
944	944
944	903
944	2469
944	2467
944	5343
944	1791
944	59043
948	982
954	15
954	2228
954	2383
954	1793
955	183
955	955
956	310
957	973
959	2404
959	597
959	855
961	850
963	836
963	1601
963	688
963	1850
963	2143
963	2775
963	770
963	4035
963	6259
963	2649
963	1863
963	197
963	6257
963	1734
963	963
963	2753
967	967
969	883
969	2373
969	903
970	589
970	1128
970	1132
970	939
973	534
973	2026
973	973
973	5870
973	2238
973	2276
973	1472
974	1040
974	46
974	99
974	2223
975	5850
976	850
976	2427
976	5267
978	774
979	4637
979	593
979	2517
979	1575
979	1471
979	1587
979	2883
979	1573
979	6731
979	6617
979	1581
980	903
981	591
981	740
981	183
981	710
981	855
982	658
982	3022
982	293
982	815
982	1268
985	2275
985	5480
985	1471
985	2303
985	1117
991	1620
991	2427
995	2373
995	5887
995	1653
995	2355
996	33
996	110
997	887
998	998
999	71
999	236
999	5405
999	5153
1001	985
1002	5910
1002	6691
1002	2248
1003	230
1008	419
1008	6510
1008	2845
1009	418
1009	1147
1009	6615
1009	1791
1011	3010
1011	1531
1013	46
1013	5928
1017	2532
1017	2405
1023	1273
1032	4202
1032	2443
1032	6709
1038	2199
1038	5133
1039	2267
1039	1267
1039	2269
1039	2270
1039	2229
1039	2319
1039	658
1039	1266
1039	2541
1039	2321
1039	2575
1039	6817
1039	2949
1039	2271
1039	1496
1039	2272
1039	2798
1039	2276
1039	7343
1039	6427
1039	1342
1039	2995
1039	2595
1039	6483
1039	6295
1040	1010
1040	2588
1040	5749
1040	1208
1040	1231
1040	3992
1041	675
1041	136
1041	518
1077	13
1077	911
1078	13
1102	1102
1102	5447
1103	903
1112	1112
1112	1113
1112	1681
1113	655
1113	1684
1113	1113
1113	1681
1117	4434
1117	330
1127	25
1127	352
1127	970
1127	1132
1127	1129
1128	25
1128	352
1128	589
1128	658
1128	5915
1128	1127
1128	1130
1128	939
1129	1132
1130	796
1130	970
1130	1132
1130	1127
1130	1129
1130	939
1131	747
1131	728
1132	352
1132	589
1132	796
1132	1128
1132	939
1140	1141
1141	5432
1141	1979
1142	1140
1142	5898
1142	1141
1143	1143
1143	697
1143	2418
1143	1999
1143	2574
1144	536
1144	862
1144	1691
1144	1145
1144	310
1145	1146
1145	954
1147	1150
1147	1152
1147	1148
1147	855
1148	6621
1148	701
1148	4065
1149	611
1149	6266
1149	2883
1149	1147
1149	4065
1149	1148
1150	1032
1150	2366
1150	2471
1150	2443
1150	6709
1151	1147
1151	2330
1152	611
1152	55
1152	71
1152	2194
1152	825
1152	610
1152	1433
1152	1658
1152	725
1152	1399
1152	1659
1152	2093
1152	937
1152	936
1152	1151
1163	1163
1172	1172
1178	1435
1181	4920
1183	896
1185	2343
1185	1328
1185	2328
1185	1326
1188	770
1190	1197
1191	5121
1192	1191
1193	1526
1193	2808
1193	2283
1193	8930
1194	4728
1194	1287
1194	2489
1194	2003
1195	1189
1195	2144
1196	1197
1196	1189
1196	1196
1196	1190
1196	4842
1196	29760
1197	2050
1197	2339
1198	1199
1199	2279
1199	4806
1199	1200
1200	4806
1202	2256
1202	5945
1202	5947
1202	789
1202	981
1202	1686
1202	2257
1205	1473
1206	5761
1206	1206
1206	2037
1206	1906
1206	728
1207	3025
1207	3034
1208	2230
1208	853
1208	1217
1208	943
1212	1212
1212	2783
1212	1525
1212	732
1212	1342
1217	862
1217	667
1217	1215
1217	853
1217	2694
1217	2276
1217	1517
1219	2236
1219	1268
1222	985
1223	2275
1223	1222
1223	985
1223	330
1223	1117
1224	728
1226	1547
1227	1228
1228	1228
1229	1306
1229	1229
1229	5926
1230	1229
1231	862
1233	1232
1234	1625
1234	6404
1234	1627
1234	1953
1234	1631
1236	2262
1236	1625
1236	2293
1236	2269
1236	4595
1236	1626
1236	4911
1236	2959
1236	1277
1236	1971
1236	6404
1236	5259
1236	867
1236	8529
1236	1239
1236	1630
1236	5370
1236	2240
1236	1373
1236	1628
1236	6496
1236	1234
1236	1629
1237	2799
1239	594
1239	1234
1240	2372
1240	1240
1240	5875
1242	2404
1242	72
1243	794
1243	1957
1243	2271
1243	842
1248	1517
1252	1252
1253	2516
1253	4277
1253	1253
1253	2798
1253	2708
1254	2352
1254	2313
1255	1255
1255	2375
1255	2918
1256	3960
1258	6597
1259	1259
1260	1336
1261	1039
1262	1039
1262	1261
1262	1266
1263	917
1263	2331
1263	967
1263	1687
1264	3970
1266	5915
1267	2251
1271	1524
1271	2252
1271	2312
1274	2262
1274	2329
1277	2239
1283	1217
1283	1416
1283	2277
1283	1997
1285	917
1286	1287
1287	2883
1287	5807
1287	2771
1287	1295
1287	1410
1287	956
1287	4981
1287	1296
1288	1389
1288	157
1288	1417
1288	969
1288	2587
1288	1418
1289	1290
1290	2607
1290	850
1290	1417
1290	6683
1290	903
1290	5355
1290	1419
1291	60
1291	2269
1291	2270
1291	1399
1292	64
1292	60
1293	2291
1294	2291
1295	854
1295	2807
1296	1927
1296	1286
1296	1579
1298	18
1298	592
1300	18
1304	2145
1304	1305
1305	1305
1307	1307
1308	2353
1308	2332
1308	917
1313	1313
1313	2324
1313	5875
1314	1315
1318	1318
1319	1263
1322	2880
1322	1578
1323	1654
1327	2343
1327	2561
1327	2328
1327	1185
1328	1327
1328	1328
1328	1443
1330	1329
1330	1417
1330	1330
1330	903
1330	1288
1331	1399
1331	29335
1331	1371
1332	6837
1332	1333
1332	821
1333	821
1336	551
1336	1524
1336	675
1336	5642
1336	1339
1336	2377
1336	2349
1336	5442
1336	2513
1336	1342
1336	1264
1336	2470
1336	6547
1336	921
1338	1336
1338	2481
1339	2375
1339	858
1340	957
1341	557
1341	1336
1342	844
1342	1342
1345	1255
1346	2404
1346	72
1346	959
1353	4869
1353	1353
1353	1352
1354	1711
1354	1709
1354	5813
1356	747
1356	1357
1357	2449
1357	2357
1358	1763
1361	1363
1362	1361
1362	1363
1363	593
1363	2360
1364	3
1364	851
1364	2372
1364	1240
1364	1229
1364	2338
1367	4713
1371	1399
1372	1655
1373	2887
1373	5506
1373	1234
1373	939
1374	2746
1374	6366
1377	33
1377	1765
1377	4477
1377	6757
1377	6416
1380	60
1380	1779
1380	5267
1380	1980
1380	1381
1380	3992
1381	1624
1381	4260
1381	805
1381	5881
1381	310
1381	1008
1381	4074
1381	4896
1381	2845
1381	4645
1381	5207
1386	5207
1387	1468
1387	1386
1399	2544
1399	6824
1399	866
1399	4345
1399	663
1399	712
1399	6706
1399	29336
1407	1409
1408	1868
1408	6465
1408	4073
1408	5927
1408	6416
1409	1409
1409	1702
1410	770
1411	1410
1414	612
1417	883
1417	759
1417	1417
1417	903
1417	1418
1418	1330
1418	1419
1418	2587
1419	2607
1419	848
1419	1417
1419	1330
1419	2587
1419	1288
1421	794
1421	1417
1421	715
1421	1634
1426	1324
1427	1428
1428	1429
1429	1427
1430	1431
1432	2372
1432	2323
1433	18
1433	152
1433	1434
1434	152
1434	1152
1435	2334
1435	1433
1435	290
1437	4618
1438	2425
1439	411
1439	2704
1439	1236
1439	1234
1442	1442
1443	2295
1443	1353
1444	5318
1445	2241
1447	2337
1448	598
1448	4571
1448	99
1448	2369
1448	2224
1448	1447
1448	1999
1448	2370
1448	1899
1448	1636
1448	2223
1449	5656
1455	1338
1457	2426
1457	5875
1459	665
1459	747
1459	745
1459	913
1459	2429
1459	2389
1460	2496
1460	2494
1460	4667
1460	2947
1460	2581
1463	5888
1463	931
1463	6838
1465	1467
1469	728
1470	1471
1470	5870
1471	2823
1471	2876
1471	330
1471	4532
1472	534
1473	81
1473	2387
1473	5268
1476	2704
1476	2297
1476	1475
1476	29049
1478	1150
1478	5889
1478	1478
1482	4857
1482	1532
1483	7648
1484	2245
1484	760
1484	745
1484	2314
1484	6057
1484	709
1484	2357
1485	1486
1487	944
1487	2470
1487	855
1488	2275
1488	1489
1488	2297
1488	944
1488	5816
1488	2029
1488	2467
1488	1487
1488	1371
1489	1371
1490	1361
1490	2065
1490	1189
1490	1691
1490	1192
1490	1194
1490	1490
1490	1191
1492	1192
1493	2254
1493	5803
1493	2258
1493	5804
1493	2007
1493	1509
1494	2259
1494	1493
1495	1493
1495	770
1496	1493
1500	1898
1501	2475
1501	1502
1501	1749
1502	2473
1503	1501
1503	2473
1504	1502
1504	1501
1504	1503
1507	1493
1508	1039
1508	1493
1508	5959
1510	1493
1513	419
1513	6621
1513	2078
1513	4295
1516	1039
1516	2275
1516	1040
1516	2224
1516	676
1516	2459
1516	2454
1516	1517
1517	595
1517	2010
1517	2750
1517	2276
1517	2284
1517	1517
1517	2625
1517	2277
1518	550
1520	745
1520	2429
1523	1524
1524	2262
1524	1524
1524	2329
1524	861
1524	2311
1524	1274
1524	1628
1524	2802
1525	1524
1526	2810
1526	2806
1526	1471
1526	6468
1526	2809
1526	2813
1527	2810
1527	2818
1527	2806
1528	1526
1528	2283
1528	2806
1528	2100
1528	1573
1530	1150
1530	1578
1531	2372
1531	1656
1531	5956
1531	1364
1532	4857
1533	44
1533	86
1533	1484
1533	1654
1533	1526
1533	745
1533	1511
1533	6734
1533	1528
1533	4844
1533	866
1533	2074
1533	1467
1533	1512
1533	5634
1533	1791
1536	25
1538	1380
1538	1537
1538	712
1540	3944
1540	6437
1540	1539
1542	2431
1545	1896
1546	1546
1546	1432
1546	2323
1547	2484
1547	5185
1548	44
1548	1547
1548	1226
1548	2704
1548	2546
1548	1548
1548	1590
1548	1659
1548	2876
1548	1216
1548	1549
1548	731
1548	979
1548	5783
1548	5261
1549	2394
1549	594
1549	1461
1549	15
1549	2417
1549	2269
1549	5827
1549	5566
1549	6641
1549	6817
1549	1742
1549	1216
1549	1741
1549	4398
1549	1549
1549	5828
1554	415
1554	4774
1554	195
1555	1172
1555	2517
1556	1233
1557	714
1557	1558
1558	1017
1558	2370
1559	1039
1559	1040
1559	862
1563	2477
1563	2483
1563	2475
1563	2474
1563	3839
1564	998
1566	411
1566	1380
1566	959
1567	1567
1567	1566
1567	959
1569	1569
1573	536
1573	1526
1573	2810
1573	2808
1573	1193
1573	1590
1573	1587
1573	1589
1573	5261
1573	1574
1573	1581
1574	2808
1574	5261
1574	1578
1575	2808
1575	1590
1575	2883
1575	2100
1575	1322
1575	1573
1575	1589
1575	1574
1575	1578
1578	2808
1578	2806
1578	5298
1578	1587
1578	2883
1578	1527
1578	6282
1578	1573
1578	1589
1578	979
1578	2879
1579	1649
1580	1578
1581	1575
1581	1590
1581	2883
1581	1578
1582	2802
1583	1582
1583	2505
1586	1470
1586	4894
1587	2425
1587	2808
1587	110
1587	2954
1587	1575
1587	4638
1587	1548
1587	1590
1587	1587
1587	2748
1587	2876
1587	6282
1587	6731
1587	6617
1587	1589
1587	2884
1587	1581
1588	1587
1589	593
1589	1590
1589	6731
1589	979
1589	1581
1590	2954
1590	2748
1590	1893
1590	1578
1591	1587
1591	2100
1591	979
1592	1596
1593	2473
1595	1594
1596	1594
1600	1342
1601	2577
1601	793
1601	2006
1601	1678
1602	770
1609	1523
1611	830
1611	2050
1611	770
1611	4728
1611	6468
1611	1194
1612	1691
1616	1615
1617	611
1617	18
1617	1562
1617	2334
1618	1618
1618	1236
1618	1549
1618	1373
1618	1234
1618	24261
1624	419
1624	4347
1624	2845
1625	1461
1625	1618
1625	1458
1625	1373
1626	1039
1626	1373
1626	1234
1627	2887
1628	1625
1628	1234
1631	1236
1633	1634
1634	3003
1635	6406
1635	5548
1637	1039
1637	5916
1637	1636
1638	1638
1641	592
1642	1644
1642	1695
1643	1695
1643	1642
1643	1968
1644	1645
1644	1644
1644	2069
1644	1695
1644	1643
1644	1968
1645	1643
1646	1646
1646	2947
1648	850
1648	715
1649	1287
1649	1296
1652	4675
1653	1717
1654	2148
1654	1432
1654	2017
1654	2149
1654	2147
1656	673
1656	1779
1656	3010
1656	1656
1656	1208
1656	4333
1656	1011
1656	5596
1657	1657
1657	1550
1658	593
1658	2334
1658	152
1658	107
1658	1659
1658	1149
1658	2574
1658	2007
1659	44
1659	2808
1659	107
1668	2389
1671	1772
1672	536
1678	1484
1678	81
1678	2465
1678	2314
1681	1915
1681	1681
1681	2864
1681	1685
1682	1682
1682	1112
1682	1684
1682	1113
1682	1681
1682	1685
1683	1112
1683	1681
1683	1685
1684	1112
1684	1681
1685	655
1685	1112
1685	2285
1685	1684
1685	1113
1687	4920
1690	2334
1691	1215
1691	1483
1691	1469
1694	2491
1695	2069
1695	1695
1695	1968
1698	1698
1700	2334
1701	2334
1701	1700
1702	1548
1702	1407
1702	1700
1702	1194
1702	1432
1702	2435
1702	5634
1702	43776
1703	1703
1704	2519
1704	1470
1705	3803
1705	1551
1710	1354
1710	1709
1710	4528
1710	6461
1711	1710
1711	1709
1712	2232
1712	1710
1712	1711
1712	1354
1712	6461
1714	4912
1717	1717
1718	1719
1720	1720
1720	1721
1721	1721
1722	5910
1722	2247
1724	2681
1724	2732
1725	597
1726	5912
1726	2496
1726	1722
1726	2247
1726	1197
1726	3977
1726	2248
1728	1735
1728	2022
1728	6597
1729	3801
1729	2025
1729	2022
1729	2080
1729	1823
1729	5577
1730	695
1735	1729
1736	5907
1736	2077
1737	2293
1737	1736
1738	6843
1738	4616
1738	1753
1738	2946
1739	1743
1739	4572
1740	1739
1740	1743
1740	1740
1741	1742
1743	4205
1743	4572
1744	4446
1744	1745
1744	60470
1746	1746
1746	1961
1747	1747
1747	1746
1747	1866
1747	1745
1749	1749
1749	2473
1749	1563
1751	2827
1752	1533
1752	4499
1753	6843
1754	6844
1754	6843
1754	1753
1754	1935
1754	2946
1754	1738
1760	2295
1762	1762
1763	1763
1763	1922
1764	2354
1765	2082
1765	5632
1765	6757
1770	1771
1771	6297
1772	2254
1772	411
1772	2516
1772	719
1772	2734
1774	1971
1776	2244
1779	3010
1780	592
1786	5599
1791	1791
1797	597
1800	5175
1800	1799
1803	2143
1805	1862
1806	2321
1810	1809
1811	1674
1812	1813
1813	2405
1819	2217
1819	2221
1819	2219
1819	2101
1819	2649
1822	1823
1822	1728
1823	2492
1823	1735
1823	2121
1823	2022
1823	7864
1823	1823
1823	1728
1826	2856
1826	2721
1826	2430
1826	2134
1826	1825
1827	2373
1828	1828
1831	2262
1831	1772
1831	1274
1831	2068
1836	1654
1836	1837
1841	6768
1852	3907
1853	1853
1853	1852
1856	2386
1856	2385
1862	1862
1863	1862
1868	6819
1868	2810
1868	2823
1868	5398
1868	4844
1868	5304
1868	6722
1868	1962
1868	4790
1872	1872
1874	1370
1883	1883
1883	1894
1883	7935
1884	1971
1889	2457
1892	5395
1893	1372
1894	6649
1896	611
1896	2424
1896	2425
1896	2518
1896	1548
1896	1702
1897	5945
1899	29117
1903	1901
1907	1897
1907	1907
1908	1907
1908	1908
1915	1112
1916	1746
1919	1039
1922	1358
1924	1491
1925	1924
1927	1579
1928	1927
1928	1296
1932	2387
1932	1400
1935	611
1935	1555
1935	4616
1935	1753
1935	1738
1943	2282
1951	1336
1951	5634
1953	1236
1954	855
1957	2256
1957	1374
1957	2319
1957	1202
1957	2522
1957	5947
1957	1995
1958	2332
1961	1745
1966	2386
1966	6718
1966	2385
1966	1966
1966	2384
1967	1856
1967	1967
1967	2386
1967	2385
1967	1966
1967	2384
1969	1969
1969	1691
1970	855
1971	1972
1978	1400
1979	8847
1979	1364
1980	3992
1989	1991
1989	1990
1990	1991
1992	1188
1995	590
1995	2319
1995	1202
1995	5947
1999	2648
1999	5425
1999	1998
2003	4728
2003	4374
2004	2942
2006	534
2006	2410
2006	973
2006	2947
2006	2762
2006	2722
2007	590
2007	18
2007	5501
2007	1202
2007	2574
2007	46370
2010	2282
2010	2281
2010	2558
2012	701
2012	5656
2019	2234
2019	1423
2019	785
2019	2080
2019	1823
2019	1728
2019	1194
2019	1729
2019	6461
2020	5542
2020	2394
2020	2231
2020	2940
2020	2234
2020	1611
2020	2233
2020	5255
2021	2262
2021	2354
2021	4511
2021	3994
2022	1423
2022	2080
2022	1258
2025	1823
2025	1728
2026	1987
2026	963
2028	6650
2028	2029
2028	2469
2028	2470
2029	2297
2029	5816
2029	2470
2037	853
2038	2038
2039	2810
2039	2808
2039	2283
2039	2822
2039	2806
2039	2100
2048	1350
2050	2213
2050	2232
2050	2940
2050	2050
2050	2020
2050	2233
2050	4711
2050	6468
2050	5255
2050	6809
2050	2489
2052	1755
2054	1686
2054	855
2055	2505
2058	2495
2058	4244
2058	5903
2059	2059
2059	1729
2060	1364
2062	2062
2063	2063
2065	5185
2068	2544
2068	1319
2068	6468
2073	770
2074	2244
2074	2245
2074	2721
2074	846
2074	5818
2074	866
2074	2430
2074	1459
2074	2351
2074	1826
2076	2275
2076	2075
2077	2959
2077	4450
2078	6621
2078	3905
2078	4295
2080	1823
2080	1728
2082	5203
2082	1377
2082	6828
2083	5485
2083	931
2083	2084
2083	995
2083	1463
2084	6838
2093	18
2093	2334
2093	152
2094	2094
2094	917
2094	1359
2095	6510
2095	4115
2095	60323
2096	3967
2096	2058
2097	2097
2098	3970
2100	2822
2100	1587
2100	2883
2100	1573
2100	6731
2100	1589
2100	979
2100	1574
2100	1581
2101	2304
2103	2103
2108	411
2108	2540
2109	3
2109	4150
2111	2111
2115	1760
2119	611
2119	3823
2121	1728
2121	1729
2130	5828
2134	2233
2143	2143
2143	6279
2144	1189
2144	1432
2144	2144
2145	5900
2145	2021
2145	1722
2145	2058
2145	1726
2146	2146
2150	1654
2150	417
2151	1654
2195	17
2195	71
2195	610
2195	202
2195	937
2195	1152
2195	6745
2199	48
2199	262
2202	310
2203	2203
2204	44
2204	933
2204	183
2206	901
2210	760
2210	2212
2211	2210
2212	3970
2213	2214
2213	2234
2213	2020
2213	1611
2215	2213
2216	2213
2217	534
2217	2219
2217	2220
2217	2101
2217	2649
2217	2222
2217	2722
2217	963
2218	2217
2218	2219
2218	2101
2218	2304
2219	2221
2219	2649
2219	2304
2219	2222
2220	1340
2221	536
2221	2217
2221	770
2221	974
2221	2222
2221	963
2222	1819
2222	2649
2222	2222
2222	963
2223	2224
2223	1447
2223	2223
2225	2223
2226	1517
2227	688
2227	2246
2228	2230
2228	2229
2228	2699
2228	2698
2229	1267
2229	954
2229	862
2229	2270
2229	688
2230	688
2231	5549
2231	2232
2231	2234
2231	2050
2231	2856
2232	2393
2232	830
2232	2020
2232	157
2232	2856
2232	2134
2232	2489
2233	2232
2233	157
2233	5815
2234	2940
2234	1611
2234	2496
2234	1460
2234	6468
2234	2942
2234	6809
2234	2582
2234	2489
2235	2309
2236	2236
2238	611
2238	6596
2238	5072
2238	1307
2238	2502
2238	310
2238	4189
2238	2237
2239	2239
2239	2241
2239	2242
2239	5956
2240	2239
2240	2382
2240	3009
2240	2240
2241	1439
2241	2242
2241	1549
2243	747
2244	1752
2244	2535
2244	2012
2244	2682
2244	2968
2244	2972
2244	2971
2244	2978
2244	2974
2244	2314
2244	2243
2244	838
2244	866
2244	969
2244	709
2244	2961
2244	2970
2244	2957
2244	2979
2244	2981
2245	747
2245	1357
2245	2243
2246	2019
2246	3801
2246	2025
2246	4954
2247	2496
2247	2489
2247	2145
2247	2248
2248	2496
2248	1722
2248	1197
2248	5901
2248	2145
2250	2249
2250	6445
2250	974
2250	2802
2250	46465
2251	2253
2251	5634
2252	376
2252	2251
2252	2252
2252	2312
2253	4323
2253	2883
2253	5888
2253	5821
2253	7817
2253	2357
2253	5634
2254	548
2254	2368
2254	2251
2254	5821
2254	6468
2254	1836
2254	5634
2255	590
2255	1202
2255	1957
2255	1995
2256	2255
2256	1995
2257	590
2257	2256
2257	2522
2257	2255
2257	1995
2257	1302
2257	2257
2258	2259
2258	2398
2259	611
2259	14
2259	2398
2260	1039
2260	1380
2260	673
2260	3010
2260	1656
2260	1566
2260	5596
2260	2260
2261	1041
2261	2261
2261	2317
2261	2266
2261	2253
2261	2265
2261	1399
2262	2262
2262	2261
2262	2253
2262	2265
2262	2346
2262	2329
2262	2311
2262	1271
2262	1277
2262	1525
2263	2261
2263	2317
2264	2261
2265	15
2265	4385
2265	7817
2265	5634
2266	4150
2266	7932
2266	6617
2267	1625
2267	2407
2267	2291
2267	2289
2268	1039
2268	1262
2269	1493
2269	1262
2269	2229
2269	1626
2269	1292
2270	1626
2270	2689
2270	1236
2270	1292
2270	1234
2271	2354
2271	60
2271	1957
2271	1288
2271	29083
2272	5505
2272	3970
2273	2274
2273	702
2273	1999
2274	4418
2275	1489
2275	1850
2275	5821
2275	2465
2275	6566
2275	2464
2275	4331
2276	862
2276	1455
2276	1559
2276	2227
2277	853
2277	1212
2277	1217
2277	1559
2277	2276
2278	2279
2278	1340
2280	2278
2281	418
2281	1517
2282	4191
2282	2281
2282	6380
2282	1609
2283	1526
2283	2818
2283	2010
2283	4191
2283	4844
2283	2281
2283	1609
2284	2267
2284	2291
2284	2285
2284	2288
2284	2286
2285	2267
2285	2289
2285	2288
2285	2286
2285	2287
2286	2267
2286	2289
2287	2267
2287	2291
2287	2289
2287	2284
2287	2286
2288	2267
2288	2286
2288	2287
2289	1039
2289	2288
2289	2284
2290	1235
2291	1235
2291	2407
2291	2291
2291	2406
2291	2290
2291	2285
2291	2289
2291	2288
2291	2286
2292	4450
2292	1236
2292	8529
2293	2292
2293	4054
2293	2960
2293	2959
2293	5394
2293	2077
2293	6640
2293	916
2293	2720
2294	2373
2295	2372
2295	2294
2295	995
2296	1476
2296	1364
2297	6650
2297	5816
2297	2296
2297	2028
2297	2470
2298	3790
2299	2298
2300	2300
2300	883
2300	2911
2301	2301
2302	2301
2302	2539
2302	2108
2302	2473
2303	2519
2303	2310
2303	2561
2303	1470
2303	1471
2303	4532
2304	2217
2304	2649
2305	536
2306	536
2307	611
2308	2344
2308	7864
2308	5576
2309	230
2310	1327
2310	2561
2310	2328
2311	1274
2312	2262
2312	2379
2312	681
2313	2244
2313	1399
2313	728
2314	2389
2314	2358
2315	2244
2315	859
2315	747
2315	5821
2315	2243
2315	838
2316	1001
2317	77
2317	2318
2319	2266
2319	411
2319	5728
2319	2574
2319	2320
2320	1039
2320	3817
2321	411
2321	2516
2321	2322
2321	2290
2321	5944
2321	4825
2321	5915
2321	5812
2322	2392
2322	2322
2322	2290
2322	1772
2322	5481
2322	6587
2323	2372
2324	2912
2324	2512
2324	2325
2325	2417
2326	2307
2326	2373
2326	2314
2327	1327
2327	2561
2327	2303
2328	1328
2328	2327
2329	2311
2329	2252
2329	2757
2331	2295
2332	2353
2332	1263
2332	5318
2332	1444
2334	593
2334	978
2334	1562
2334	1018
2334	1659
2334	1186
2334	290
2334	2335
2334	1178
2336	2334
2336	5501
2337	9
2337	2224
2338	1527
2338	2296
2339	2340
2339	854
2340	854
2340	5809
2340	4101
2342	5809
2343	1328
2343	2328
2344	2345
2346	1524
2346	2346
2346	2607
2347	701
2348	44
2348	2347
2350	2352
2350	2314
2350	2313
2350	2351
2350	1254
2351	1533
2351	859
2351	6057
2352	2314
2353	917
2354	15
2354	1403
2354	2472
2354	1521
2354	2080
2354	1312
2354	1744
2354	4244
2354	8940
2355	747
2355	2083
2355	6838
2355	6785
2355	2084
2355	1463
2356	7137
2356	1752
2356	747
2356	866
2357	859
2357	747
2357	2245
2357	2388
2357	866
2357	2074
2357	2351
2357	728
2357	1466
2358	2253
2358	866
2358	2313
2359	2262
2359	2359
2359	2251
2359	6638
2361	419
2361	805
2361	4347
2361	417
2361	5207
2361	1381
2363	2362
2364	1032
2364	1150
2364	2365
2364	2366
2364	2443
2365	1150
2365	2675
2365	2365
2365	2366
2365	2471
2365	5398
2366	2471
2367	1558
2368	2266
2368	861
2368	5989
2368	1558
2368	4862
2369	1558
2370	714
2371	2371
2372	2372
2372	2371
2372	1336
2372	5489
2373	376
2373	800
2373	2373
2373	2295
2373	663
2373	1371
2374	2375
2374	2403
2375	1336
2376	1336
2376	1339
2377	1212
2378	1336
2378	6355
2379	2262
2379	2329
2380	2380
2381	858
2382	5955
2382	858
2382	3009
2384	611
2384	14
2384	71
2384	2194
2384	6718
2384	2384
2385	2386
2385	6718
2385	2385
2385	2384
2386	2386
2386	2384
2387	1205
2389	1484
2389	1533
2389	859
2389	2452
2389	2357
2390	2357
2390	1117
2391	2403
2392	2393
2392	2368
2392	2392
2392	2395
2392	2436
2393	2231
2393	2233
2394	2392
2396	2392
2396	1694
2398	2425
2399	1682
2400	2400
2401	2402
2403	1040
2403	2403
2404	72
2405	2291
2406	2407
2406	2408
2406	1294
2407	2407
2407	2409
2407	1293
2407	1294
2407	2405
2408	2407
2408	2291
2408	1293
2409	2291
2409	1293
2410	1039
2410	2228
2410	2321
2410	1439
2410	2582
2411	2241
2412	2415
2412	2911
2412	2421
2412	2413
2412	2414
2413	1039
2415	1545
2415	2422
2415	1896
2416	2415
2416	2412
2416	2423
2417	2422
2417	3930
2417	2527
2417	2412
2417	2530
2417	2523
2417	6500
2417	2413
2417	923
2418	3897
2418	6601
2419	1313
2419	1772
2420	2419
2420	1313
2421	2415
2422	2423
2423	2417
2423	2415
2423	4150
2424	1545
2424	2415
2424	6595
2425	2293
2425	6289
2425	2415
2425	2435
2426	536
2427	6260
2427	850
2427	2732
2427	812
2427	1549
2427	663
2428	2721
2428	1459
2429	745
2430	2430
2430	1459
2433	5542
2433	2394
2433	506
2433	2432
2434	696
2435	2435
2436	2368
2436	2254
2436	411
2436	2437
2437	5899
2438	2373
2439	2373
2441	2440
2442	745
2443	596
2443	1226
2443	2295
2444	1484
2444	5060
2445	2446
2446	2447
2446	1811
2447	1811
2448	2447
2448	1811
2449	81
2449	859
2449	2347
2449	2348
2449	770
2450	81
2450	913
2451	5806
2451	2108
2451	5547
2451	8051
2451	1141
2451	8544
2452	2313
2453	2284
2453	1517
2453	923
2454	2459
2454	2458
2454	2457
2455	2459
2455	2454
2455	2460
2455	2457
2456	676
2456	2459
2456	2454
2456	2455
2456	2460
2456	2458
2457	676
2457	2456
2457	2460
2458	676
2458	2455
2458	2460
2458	2457
2459	2458
2459	2457
2460	1516
2460	2454
2460	1889
2461	850
2461	5355
2461	1648
2462	826
2463	1040
2464	5545
2464	31167
2466	1340
2467	611
2467	2297
2467	1336
2467	6844
2467	2469
2467	1487
2467	2468
2468	2297
2468	6650
2468	944
2468	6700
2468	2469
2468	2470
2468	2468
2468	5162
2469	2297
2469	6844
2469	871
2469	5816
2469	2029
2469	2470
2470	6844
2470	944
2470	2467
2471	1032
2471	2364
2471	1226
2472	2368
2473	2477
2473	1501
2473	2473
2473	7566
2473	4159
2474	1501
2474	1749
2474	2473
2474	4159
2475	6592
2475	2476
2475	2475
2475	2474
2475	1749
2475	2478
2475	2473
2476	1563
2477	2477
2479	911
2479	1493
2480	1448
2481	2482
2483	33
2483	1364
2484	595
2484	1896
2484	6531
2485	1039
2486	597
2487	597
2488	597
2489	2020
2489	2949
2489	2233
2489	4374
2489	4373
2489	2145
2489	2003
2490	4728
2490	2489
2491	2396
2492	1423
2492	1728
2492	1729
2493	2492
2493	2493
2494	2494
2494	4667
2495	1460
2496	2489
2496	2058
2496	2145
2496	4244
2497	2021
2498	2494
2498	1460
2499	2498
2500	2501
2501	86
2503	611
2506	2505
2507	2508
2509	2130
2510	1493
2510	744
2510	855
2511	1040
2512	799
2512	7932
2512	2423
2514	732
2515	851
2515	2515
2516	1039
2516	2322
2517	5860
2517	7461
2517	2883
2517	7745
2517	59062
2517	59061
2517	59059
2519	1470
2519	2520
2519	4532
2519	2802
2520	1470
2520	5870
2520	6468
2520	1704
2521	557
2522	2319
2522	1202
2522	2255
2522	5945
2522	5947
2522	2271
2522	5946
2522	2007
2522	1995
2523	2524
2524	2525
2525	2523
2526	2532
2526	1229
2526	2536
2526	2523
2526	4640
2526	4083
2527	2531
2528	2417
2528	5811
2528	5868
2529	2417
2529	5811
2529	2528
2530	2536
2530	2531
2530	2529
2530	2527
2530	2528
2530	5868
2530	6498
2531	2417
2531	2529
2531	2727
2531	2528
2531	5868
2532	2535
2532	2532
2532	2533
2533	1039
2533	1017
2534	2526
2534	2532
2536	2531
2536	2529
2536	2527
2538	2537
2539	2917
2539	2540
2540	2302
2541	6430
2544	8257
2544	6614
2546	419
2546	2526
2546	48
2546	4083
2546	46193
2558	2282
2560	417
2561	1328
2563	2563
2564	6486
2564	5577
2570	903
2570	1419
2574	18
2574	1202
2574	2522
2574	152
2574	5947
2575	60
2575	2276
2577	770
2579	5992
2581	808
2582	2266
2582	411
2582	2050
2582	2020
2582	1611
2582	6467
2582	6468
2582	5255
2582	4274
2583	46370
2585	2226
2585	2227
2587	656
2587	883
2587	850
2587	2427
2587	759
2587	843
2587	1417
2587	1330
2587	903
2587	2570
2587	2587
2594	7286
2607	1417
2607	715
2607	903
2607	5355
2607	2587
2607	5266
2609	5856
2609	5310
2619	1505
2620	5185
2630	3823
2630	46193
2631	5185
2633	2340
2633	2633
2635	3820
2635	1636
2638	1957
2639	5318
2649	2101
2649	2218
2675	2322
2675	4601
2675	2945
2681	688
2682	688
2683	2256
2683	1202
2683	2522
2683	2255
2683	1995
2683	2257
2684	3977
2684	1726
2687	2227
2692	8073
2693	2058
2693	4244
2694	1517
2694	2277
2696	836
2696	2277
2698	2947
2700	2228
2700	4214
2704	1475
2704	6274
2704	1754
2704	4150
2704	1549
2704	2802
2710	1039
2710	1262
2711	1601
2716	2716
2717	2354
2720	2960
2720	4450
2721	2430
2721	4193
2722	1236
2722	2304
2722	2722
2723	2722
2724	662
2724	2403
2727	2088
2727	2529
2727	2530
2727	2528
2727	5868
2729	1716
2729	817
2729	974
2729	4339
2731	1039
2732	2579
2732	663
2734	6299
2734	2563
2739	1217
2741	2961
2746	1646
2746	5365
2746	2026
2748	2883
2748	979
2749	330
2749	5507
2749	663
2749	3003
2749	1117
2753	695
2753	1987
2753	2746
2754	2746
2755	2755
2755	2746
2756	770
2757	1575
2757	1364
2759	794
2759	848
2759	903
2762	2410
2762	3022
2762	2762
2764	534
2769	2799
2770	2769
2771	1039
2771	1286
2774	1685
2783	99
2785	4920
2789	2704
2789	4945
2791	1563
2798	982
2798	2798
2798	2933
2801	1586
2801	4894
2802	2262
2802	5820
2802	6299
2802	2251
2802	1790
2802	4911
2802	5553
2802	6465
2802	2947
2802	4711
2802	2802
2802	2515
2806	2283
2806	2823
2806	2822
2806	2818
2806	2100
2807	2806
2807	1443
2807	846
2808	1526
2808	2283
2808	2806
2808	2807
2808	1548
2808	1590
2808	2883
2808	2748
2808	1527
2808	2876
2808	2100
2808	1322
2808	1528
2808	4844
2808	1591
2808	979
2808	2880
2808	1581
2810	2808
2810	2283
2810	2822
2810	2806
2810	1533
2810	2100
2810	1528
2810	4844
2814	1149
2814	1148
2815	2810
2815	2806
2818	2822
2818	2039
2818	1548
2818	1716
2818	1287
2819	2807
2820	2807
2821	2808
2821	5989
2821	2806
2821	1893
2822	2808
2822	2283
2822	2823
2822	1533
2822	1528
2822	4844
2822	1573
2822	4255
2823	2810
2823	2808
2823	2283
2823	2100
2823	1573
2823	8930
2845	416
2845	2986
2845	4260
2845	4347
2845	2361
2845	4074
2845	5207
2847	2280
2847	2279
2856	7848
2856	1786
2856	4792
2856	2233
2856	2134
2858	2417
2864	1112
2864	1685
2870	850
2870	715
2871	6510
2871	4347
2871	4115
2871	46328
2871	46327
2873	4145
2876	5989
2876	4398
2876	979
2877	2876
2878	1287
2880	8754
2883	4637
2883	911
2883	1548
2883	1590
2883	1587
2883	2876
2883	1573
2883	6731
2883	1591
2883	1589
2883	2814
2887	2807
2890	770
2891	1601
2891	770
2897	2897
2911	2912
2911	1313
2911	2324
2911	2414
2917	4150
2917	1141
2926	695
2927	1009
2931	1601
2931	770
2933	770
2934	5649
2937	5649
2937	2732
2938	770
2939	2939
2940	2489
2945	6283
2946	6843
2946	1753
2946	1935
2946	29329
2947	1473
2947	2080
2949	2232
2950	77
2951	1196
2951	1460
2952	770
2954	979
2956	2412
2958	2204
2958	770
2958	183
2959	916
2959	1287
2959	8529
2960	2292
2960	4595
2960	8123
2960	1737
2960	2959
2960	1736
2960	2077
2960	6640
2969	2244
2970	5037
2972	5860
2972	2322
2972	6316
2972	1772
2972	2223
2972	3996
2973	2244
2976	2244
2977	2244
2979	6469
2980	2244
2981	2981
2982	818
2982	5640
2982	5812
2983	818
2983	4214
2985	3025
2986	4347
2986	1381
2987	2987
2989	4418
2991	2982
2991	5812
2992	536
2994	2994
3000	821
3003	4434
3003	5507
3003	6661
3006	4618
3009	8048
3009	5956
3010	673
3010	1215
3010	853
3010	4333
3010	5596
3022	3010
3022	32940
3022	32945
3022	32957
3022	39885
3022	56450
3025	3028
3025	3040
3025	3035
3025	3029
3025	3032
3025	3030
3026	3028
3026	3025
3027	3025
3028	3028
3028	2985
3028	3036
3028	3037
3028	3029
3028	3034
3028	1207
3028	3030
3029	3029
3031	3028
3031	3025
3032	3028
3033	3028
3033	3038
3033	3036
3033	3025
3034	3025
3034	3033
3035	3028
3035	2425
3035	2757
3036	3038
3036	3025
3037	3025
3038	3028
3038	3025
3038	3037
3038	3034
3039	3028
3039	3038
3039	3025
3039	3037
3039	3034
3039	3033
3040	3028
3041	3028
3041	3025
3041	3041
3790	6440
3792	6791
3794	4452
3794	5802
3800	1039
3801	2025
3801	1728
3814	7610
3814	3814
3817	1039
3817	411
3821	1687
3823	837
3833	4277
3833	60323
3839	3839
3842	2519
3852	1039
3852	2354
3852	1380
3869	5207
3870	7592
3870	8133
3870	6703
3880	1212
3891	698
3891	6337
3891	4040
3896	3896
3896	811
3896	8842
3897	697
3897	6601
3897	4920
3905	419
3905	6449
3905	6753
3905	1513
3905	1609
3908	2005
3908	3908
3913	4806
3913	1199
3916	4385
3916	6468
3916	2582
3916	7817
3922	18
3938	2704
3938	1234
3941	2954
3945	1532
3961	1113
3970	4312
3970	6384
3970	5283
3970	6507
3970	4559
3970	5184
3970	6291
3970	6476
3970	5152
3970	6326
3970	4741
3970	2785
3970	6429
3970	4396
3970	6407
3970	909
3970	6593
3970	6317
3971	5601
3977	834
3977	3978
3978	4965
3984	1791
3988	3988
3992	862
3992	1680
3993	4618
3993	3993
3994	2254
3994	2392
3994	2774
3996	1380
3999	5153
4001	5634
4008	1548
4020	4020
4023	7371
4023	1786
4023	7741
4023	2770
4023	1852
4025	557
4028	5037
4039	2912
4040	4741
4040	4396
4054	8123
4065	6621
4065	4143
4065	2814
4074	6510
4081	4764
4090	59378
4111	2238
4115	805
4115	2361
4115	6330
4124	5634
4143	2883
4143	1149
4143	2814
4143	1148
4150	6453
4150	2253
4150	2392
4150	6697
4150	365
4150	2512
4150	2422
4150	2415
4150	8142
4150	7126
4150	4925
4150	7932
4152	5318
4152	2582
4159	2477
4159	2791
4159	1749
4159	7940
4159	7566
4186	4186
4188	4150
4191	2010
4193	5818
4193	2074
4193	2430
4193	1825
4193	1826
4196	4663
4202	2364
4202	1150
4203	4203
4203	4920
4205	1740
4213	2519
4214	2982
4214	2543
4215	5121
4217	862
4229	1403
4243	60323
4244	2145
4253	1490
4253	855
4265	6251
4266	2621
4272	1705
4272	1017
4274	2004
4274	5255
4276	917
4277	2546
4277	1147
4281	6531
4287	4287
4290	851
4290	801
4292	4292
4295	419
4295	3905
4297	1490
4304	1336
4307	3945
4313	1479
4313	1212
4313	712
4319	2874
4322	5634
4323	4323
4323	2251
4328	1470
4328	2801
4328	2802
4331	985
4331	4920
4333	853
4333	2260
4345	4484
4345	4472
4346	2979
4347	2095
4347	805
4347	5904
4347	1008
4347	4896
4347	4115
4347	5207
4347	1381
4355	2489
4359	2355
4359	4560
4363	5009
4363	4362
4370	2232
4370	2489
4373	1194
4374	4728
4374	1194
4376	2757
4381	534
4385	2266
4385	2253
4385	4323
4385	6645
4385	4862
4393	4348
4396	3891
4396	663
4396	5395
4397	4397
4398	4638
4398	1548
4398	1590
4403	1236
4405	1868
4405	4472
4410	8755
4410	4023
4411	4411
4411	2791
4411	7566
4418	2445
4418	4418
4434	985
4434	663
4438	18
4446	1745
4448	1364
4450	2293
4450	4595
4450	4701
4450	1737
4450	2959
4450	6640
4451	2965
4452	5802
4453	4920
4457	1883
4457	6649
4461	2405
4472	698
4472	5860
4472	4484
4472	3790
4472	985
4473	5185
4483	5336
4483	4483
4484	698
4484	5134
4484	4298
4485	7463
4495	1493
4496	2081
4507	4507
4508	3908
4511	2494
4521	1763
4521	1358
4527	1236
4528	1354
4529	2775
4529	2843
4529	8850
4532	1704
4533	1691
4534	4534
4537	6266
4537	6265
4539	1410
4541	4023
4558	1534
4560	2355
4571	954
4571	2415
4571	985
4572	4205
4572	1740
4578	5577
4595	2293
4595	916
4595	2720
4597	5734
4601	4601
4601	6283
4601	923
4601	2945
4610	411
4610	1567
4610	2972
4616	1754
4616	1753
4616	1432
4616	2946
4618	1518
4618	7982
4621	2532
4629	719
4637	2808
4637	2100
4638	2517
4638	2808
4638	1548
4638	2883
4645	419
4645	4347
4645	2845
4645	5207
4663	1040
4667	4511
4667	4244
4675	7960
4676	4663
4679	3970
4700	2613
4701	2293
4701	2960
4711	2234
4711	2020
4711	6468
4711	2582
4720	978
4720	6305
4726	4726
4728	2019
4728	2234
4728	2247
4728	4373
4728	2489
4731	2354
4741	6471
4741	4396
4748	4920
4753	1672
4760	1563
4771	6602
4771	3891
4771	6501
4771	4040
4774	5811
4774	5875
4787	5916
4790	5398
4792	2232
4792	2233
4792	5815
4792	2134
4792	1826
4795	4950
4796	2815
4802	1746
4804	1212
4806	1198
4821	3794
4821	4452
4821	5802
4822	5185
4825	1215
4825	1691
4825	5116
4839	3970
4842	1197
4844	2806
4844	2100
4844	4844
4844	1573
4849	4849
4853	1549
4857	3945
4857	4307
4869	809
4869	6427
4873	5925
4894	4328
4894	157
4894	6294
4896	60
4896	2217
4896	6510
4896	2845
4896	5207
4905	4905
4911	5634
4913	4676
4920	5203
4920	5734
4920	4230
4920	4470
4920	2826
4920	2034
4920	6491
4920	4906
4920	1827
4920	1892
4920	6345
4920	4925
4920	5096
4920	6344
4920	5267
4920	6356
4920	197
4920	5819
4920	6579
4920	6505
4925	5880
4929	1333
4950	4820
4950	755
4954	785
4954	1823
4954	1728
4954	1729
4957	2332
4957	5318
4962	5542
4965	2684
4965	3977
4994	2214
4994	2246
4999	1478
5004	954
5016	1979
5016	6624
5022	536
5035	6509
5035	2869
5037	2516
5037	5481
5037	1771
5044	4150
5044	4920
5060	8754
5060	2273
5060	45499
5072	770
5079	1558
5096	534
5100	5811
5104	1711
5104	6461
5107	2354
5111	1868
5116	1215
5116	1691
5116	5153
5116	5915
5116	5656
5116	5116
5116	3970
5121	5277
5130	4920
5133	612
5134	4472
5134	4345
5146	18
5147	2856
5147	2134
5152	1868
5152	1113
5152	4920
5152	3994
5153	596
5153	135
5164	1112
5177	1772
5177	4451
5182	3970
5183	5016
5185	2501
5185	5948
5191	1255
5192	6326
5203	1377
5203	1765
5203	6828
5205	1140
5205	5898
5205	1142
5207	5062
5207	310
5207	4074
5207	4830
5209	5210
5216	715
5216	976
5219	596
5236	536
5249	6658
5249	8124
5249	47347
5255	2234
5255	6468
5259	5955
5261	2808
5261	1471
5261	1587
5261	4398
5261	2819
5261	1176
5261	1578
5265	5265
5266	715
5266	903
5266	2587
5267	6291
5280	5904
5280	2871
5290	681
5304	2322
5304	6465
5304	6612
5304	262
5304	6416
5304	6494
5318	1958
5328	1202
5328	1147
5328	839
5328	855
5330	2083
5330	2355
5343	1528
5343	1791
5347	2639
5347	5318
5348	5679
5355	715
5355	2587
5357	2757
5369	5369
5381	5671
5395	6471
5395	5267
5395	3970
5398	5304
5398	3999
5398	6416
5398	4405
5407	1039
5407	592
5415	4485
5423	6488
5423	3970
5432	46087
5448	915
5448	5093
5459	536
5477	2420
5477	4776
5477	5801
5478	941
5480	330
5480	6566
5480	6464
5481	2405
5481	1812
5483	4409
5483	7853
5483	5483
5483	1002
5485	5888
5485	6838
5485	2355
5486	1172
5486	4942
5498	86
5501	1617
5501	5947
5505	597
5505	680
5506	1627
5507	1620
5507	715
5507	227
5507	2836
5507	1421
5516	2972
5537	698
5538	1448
5546	5917
5553	1212
5554	5554
5559	6566
5566	5827
5576	2037
5577	6486
5577	2096
5577	3967
5577	785
5577	2973
5577	1823
5579	5249
5579	6658
5579	47347
5583	5583
5588	1039
5590	5462
5596	853
5599	8755
5599	8659
5601	5127
5602	2417
5602	5640
5602	5602
5602	6799
5619	7848
5628	4571
5628	1868
5630	2417
5630	6541
5632	2082
5632	1377
5632	6828
5632	6757
5634	4309
5634	2262
5634	2250
5634	1524
5634	2292
5634	7648
5634	6645
5634	5783
5634	2435
5635	3970
5640	2991
5649	1724
5656	2300
5656	411
5656	2972
5656	6541
5659	5360
5667	2770
5671	5671
5682	8073
5725	594
5728	411
5728	1691
5728	712
5733	1285
5733	917
5734	1259
5749	3992
5750	1208
5754	536
5755	536
5756	536
5757	536
5758	536
5761	536
5761	2249
5761	2344
5761	2037
5761	4186
5761	5576
5774	1217
5774	2277
5775	1364
5779	2821
5783	911
5783	5783
5783	48375
5801	4228
5805	805
5806	2917
5806	1141
5807	2771
5807	5259
5807	1286
5808	2856
5808	5147
5810	2451
5810	8544
5811	2531
5811	1772
5811	1117
5811	2323
5811	1457
5812	5640
5812	5602
5812	831
5813	1710
5815	2232
5815	4370
5816	2028
5816	2470
5816	2467
5816	2468
5818	2721
5818	2428
5818	2430
5818	1826
5821	2356
5821	2357
5827	5332
5827	2130
5828	5827
5829	5486
5830	1172
5830	5830
5830	5486
5843	698
5843	1777
5843	1868
5844	2234
5844	2004
5844	2942
5845	698
5845	4484
5845	4472
5845	4345
5845	60499
5850	157
5850	4850
5851	5850
5851	157
5852	5850
5853	2609
5859	4507
5860	4124
5860	959
5860	5602
5867	4275
5868	2529
5869	1702
5869	731
5870	2519
5870	854
5870	1471
5870	2303
5870	4213
5870	1704
5870	4532
5875	195
5875	1241
5880	1039
5880	48
5880	5037
5880	728
5882	4488
5888	4359
5888	2083
5888	2355
5888	995
5889	3897
5889	6790
5889	1898
5897	2320
5898	1140
5898	1141
5899	2939
5902	2096
5902	3967
5902	5577
5903	2096
5903	3967
5903	5902
5903	5577
5904	2095
5904	6510
5904	2361
5904	4115
5904	1381
5907	2960
5910	4409
5910	6691
5910	1726
5912	4409
5912	5910
5912	5483
5912	2145
5915	1039
5915	25
5915	589
5915	658
5915	3022
5916	611
5922	1287
5923	2427
5923	1287
5924	1691
5924	1287
5925	2704
5925	1548
5925	1549
5926	1230
5945	2319
5945	2574
5946	5946
5947	5945
5947	5946
5949	5185
5950	855
5955	2239
5955	5860
5955	5955
5955	1277
5955	3009
5956	1277
5956	5956
5956	1236
5956	2382
5959	1493
5959	2479
5992	1040
5992	862
6251	802
6251	5524
6258	695
6258	963
6259	695
6261	2427
6262	2427
6264	6263
6265	4246
6266	611
6266	6265
6267	6430
6271	534
6271	1340
6271	695
6271	1717
6273	4618
6274	999
6274	29796
6276	1039
6276	1448
6277	2843
6277	8850
6279	2222
6282	2808
6282	1575
6282	1548
6282	2883
6282	2748
6282	2100
6282	1573
6282	1581
6283	2675
6283	6283
6283	923
6289	6289
6290	2418
6290	6362
6291	6488
6291	4920
6294	157
6294	6612
6294	6440
6297	6567
6298	5912
6299	6299
6299	2563
6305	978
6307	1236
6307	1234
6308	3008
6309	4508
6309	3908
6316	411
6320	157
6326	4920
6326	5395
6330	6510
6330	4347
6337	6501
6337	6488
6337	6505
6337	4040
6340	310
6346	4618
6351	1032
6351	2364
6351	1150
6355	2349
6357	2332
6357	5318
6362	6601
6374	1342
6375	7461
6375	6375
6378	3970
6381	157
6385	979
6386	4920
6387	6501
6387	4741
6387	5395
6392	1868
6392	5304
6392	4790
6392	6494
6400	3905
6401	3970
6404	594
6415	3970
6416	2346
6416	1868
6416	6392
6424	6468
6427	7949
6427	6427
6428	6428
6428	4920
6437	6532
6438	6757
6438	4430
6440	4894
6444	4920
6449	4295
6449	1513
6452	4920
6453	7932
6460	6427
6461	5288
6461	1711
6461	1709
6461	4528
6461	6482
6461	5813
6464	6566
6464	2749
6465	1646
6465	5152
6465	4405
6466	5398
6466	6392
6467	2234
6467	2050
6467	2020
6467	6468
6467	2802
6468	4152
6468	550
6468	2319
6468	2020
6468	1243
6468	2802
6469	4346
6471	3891
6472	3970
6479	1868
6479	6392
6481	418
6482	5104
6482	1712
6484	3970
6488	6471
6488	4622
6488	4396
6488	3970
6488	1456
6488	6387
6491	6488
6491	3970
6494	1868
6494	5398
6494	4790
6498	2531
6498	2529
6498	2528
6501	6471
6501	4396
6505	1009
6507	4081
6509	4920
6510	2986
6510	1624
6510	4260
6510	805
6510	4347
6510	2361
6510	2845
6510	4645
6510	4115
6510	5207
6510	1381
6514	5507
6515	4796
6520	1448
6530	2802
6531	6531
6532	2546
6538	1533
6538	6538
6538	1791
6538	3984
6541	512
6555	3970
6566	985
6566	330
6567	2887
6577	17
6579	1206
6579	2037
6583	6277
6586	2963
6588	6612
6588	5398
6597	785
6597	1823
6597	1729
6601	6290
6601	597
6601	5446
6601	1387
6601	6603
6602	5423
6602	6471
6602	6326
6602	4396
6602	6387
6602	5395
6603	3897
6603	6748
6603	6362
6603	6790
6603	1387
6604	1549
6604	3970
6610	5249
6610	5579
6612	1408
6612	157
6612	1399
6612	6440
6617	2808
6617	2883
6621	3905
6621	4295
6621	1149
6621	4143
6621	2814
6624	8847
6642	2427
6642	759
6647	3984
6649	1883
6649	7935
6650	6844
6650	5816
6650	2029
6650	2469
6650	2470
6650	2467
6658	8124
6659	6347
6659	1827
6659	5267
6661	5507
6661	2749
6683	2607
6683	848
6683	3994
6691	4409
6691	5912
6697	7932
6709	2364
6713	1328
6718	1967
6718	2386
6718	6718
6721	18320
6731	6282
6745	825
6745	1414
6748	2418
6748	5889
6748	6601
6757	5203
6757	2082
6757	6828
6757	4430
6771	3939
6774	4165
6778	3980
6778	6778
6778	46370
6785	2083
6786	2799
6788	6329
6790	2418
6790	6601
6791	2770
6797	6844
6797	2469
6809	2020
6812	1399
6817	1625
6817	1236
6817	1234
6819	5480
6819	5816
6819	6505
6827	596
6827	2334
6828	1377
6828	1765
6837	1333
6837	821
6837	3000
6838	5888
6838	2083
6838	6785
6838	5330
6843	4616
6843	1935
6844	1336
6844	4616
6844	1753
6844	871
6844	5816
6844	1935
6844	2946
6844	2468
7126	7932
7126	5634
7137	1533
7167	1039
7228	4783
7247	1236
7259	728
7286	6641
7295	7295
7297	2239
7297	2240
7315	4346
7315	6469
7316	7607
7371	2775
7376	4150
7376	7932
7429	1625
7438	4023
7461	416
7461	4873
7461	1772
7461	1549
7472	1333
7472	1332
7485	7485
7510	4023
7520	762
7548	1306
7548	6694
7566	2791
7566	7940
7566	7566
7566	1563
7586	2856
7586	5808
7586	7868
7592	3814
7610	7592
7610	7610
7661	1532
7670	1573
7675	4209
7678	2354
7741	1786
7817	2266
7853	1735
7853	6691
7864	1728
7864	1729
7868	2856
7932	2253
7932	365
7932	5044
7932	8142
7932	4925
7932	4188
7935	1894
7935	4457
7940	2791
7940	2473
7940	1563
7948	2291
7970	1557
7974	8958
8004	1852
8047	8958
8051	5547
8073	2569
8095	5144
8110	506
8123	2293
8124	6610
8124	5579
8264	2417
8529	2293
8529	4595
8708	1212
8754	1322
8754	2444
8795	8614
8840	7333
8840	9002
8842	1380
8842	48374
8846	1852
8850	2843
8870	7741
8930	1526
8930	2810
8930	2822
8930	2818
8930	1528
8930	4844
8930	4747
8949	4346
8958	681
8958	1510
8976	8933
8992	25
8993	9002
8995	8936
9002	7333
9002	9002
9004	8957
17013	2051
24261	7461
24261	4720
24261	4672
24270	2516
27165	1957
29076	4572
29082	1957
29084	2271
29241	811
29335	1371
29760	1190
29857	1399
31456	1236
32682	5133
32959	3022
36422	3022
36423	3022
37429	2675
37430	2675
38700	3022
39765	3022
40997	3908
44028	5537
46040	46040
46193	2675
46193	1959
46329	2871
46366	6361
46370	2259
46370	5916
46370	6631
47347	8124
48375	48375
48483	1141
49371	49371
52223	1746
58565	2251
59043	2583
59057	2517
59058	2517
59060	2517
59063	2517
59064	2517
59065	2517
59378	3914
59378	4231
59642	59641
59821	2334
60135	38748
60189	2526
